{
  "advancedEditorSelectedIdentifier" : "BehaviorsPluginID",
  "openSceneRelativePaths" : [
    "Scene.usda"
  ],
  "recentIdentifiers" : {
    "2977EAFE-B569-459A-A926-14EDD8A38C18" : [

    ]
  },
  "sceneCameraHistory" : {
    "2977EAFE-B569-459A-A926-14EDD8A38C18" : [
      {
        "date" : 771436758.056515,
        "title" : "Untitled",
        "transform" : [
          -0.46083063,
          8.435327e-09,
          0.8874882,
          0,
          0.007659251,
          0.9999628,
          0.0039771334,
          0,
          -0.887455,
          0.008630267,
          -0.4608135,
          0,
          -0.33573595,
          0.087240994,
          -0.04830086,
          1
        ]
      },
      {
        "date" : 771436748.990092,
        "title" : "Untitled",
        "transform" : [
          -0.46083063,
          8.435327e-09,
          0.8874882,
          0,
          0.007659251,
          0.9999628,
          0.0039771334,
          0,
          -0.887455,
          0.008630267,
          -0.4608135,
          0,
          -0.6115742,
          0.117837936,
          -0.087984495,
          1
        ]
      },
      {
        "date" : 771344132.703728,
        "title" : "Untitled",
        "transform" : [
          -0.46083063,
          8.435327e-09,
          0.8874882,
          0,
          0.007659251,
          0.9999628,
          0.0039771334,
          0,
          -0.887455,
          0.008630267,
          -0.4608135,
          0,
          -0.31331846,
          0.06554742,
          0.015675277,
          1
        ]
      },
      {
        "date" : 771343996.723066,
        "title" : "Untitled",
        "transform" : [
          -0.46083063,
          8.435327e-09,
          0.8874882,
          0,
          0.007659251,
          0.9999628,
          0.0039771334,
          0,
          -0.887455,
          0.008630267,
          -0.4608135,
          0,
          -0.2921609,
          0.07935772,
          -0.024812285,
          1
        ]
      },
      {
        "date" : 771343995.031306,
        "title" : "Untitled",
        "transform" : [
          0.8711108,
          6.9562383e-09,
          0.4910866,
          0,
          0.09454448,
          0.9812929,
          -0.16770703,
          0,
          -0.4818998,
          0.19252089,
          0.8548147,
          0,
          -0.03814536,
          0.12984416,
          0.2939273,
          1
        ]
      },
      {
        "date" : 771343988.601697,
        "title" : "Untitled",
        "transform" : [
          0.9994051,
          9.702028e-11,
          0.03449048,
          0,
          0.0034215334,
          0.9950673,
          -0.09914324,
          0,
          -0.03432035,
          0.09920227,
          0.9944753,
          0,
          0.09401529,
          0.104554676,
          0.29310372,
          1
        ]
      },
      {
        "date" : 771343977.947342,
        "title" : "Untitled",
        "transform" : [
          0.9994051,
          9.702028e-11,
          0.03449048,
          0,
          0.0034215334,
          0.9950673,
          -0.09914324,
          0,
          -0.03432035,
          0.09920227,
          0.9944753,
          0,
          0.073370725,
          0.16422734,
          0.8913058,
          1
        ]
      },
      {
        "date" : 771343974.734905,
        "title" : "Untitled",
        "transform" : [
          0.9994051,
          9.702028e-11,
          0.03449048,
          0,
          0.0034215334,
          0.9950673,
          -0.09914324,
          0,
          -0.03432035,
          0.09920227,
          0.9944753,
          0,
          0.11073085,
          0.082612745,
          0.16069523,
          1
        ]
      },
      {
        "date" : 771343970.181657,
        "title" : "Untitled",
        "transform" : [
          0.9994051,
          9.702028e-11,
          0.03449048,
          0,
          0.0034215334,
          0.9950673,
          -0.09914324,
          0,
          -0.03432035,
          0.09920227,
          0.9944753,
          0,
          0.18657917,
          0.13920075,
          0.2707681,
          1
        ]
      },
      {
        "date" : 771343962.79792,
        "title" : "Untitled",
        "transform" : [
          0.99940497,
          4.9652346e-08,
          0.034490466,
          0,
          0.006661585,
          0.98117036,
          -0.1930293,
          0,
          -0.033841033,
          0.19314422,
          0.9805866,
          0,
          0.18657917,
          0.13920075,
          0.2707681,
          1
        ]
      }
    ]
  },
  "sceneViewportBackgroundColors" : {

  },
  "selectedSceneRelativePath" : "Scene.usda"
}